[4279, 2350, 1222, 627, 496, 1871, 8606, 12906, 12623, 13990, 14540, 14266, 14629, 16143, 15163, 15379, 14685, 14150, 13259, 14675, 15059, 13683, 10808, 6593]
[3879, 2161, 1111, 561, 481, 1940, 8369, 12076, 12106, 13614, 14425, 14228, 14194, 15734, 14824, 15224, 15093, 13028, 11655, 13264, 13794, 12066, 9342, 5909]
[3824, 2023, 1092, 624, 613, 2278, 9137, 13400, 13752, 15011, 15974, 15474, 15764, 17442, 17353, 18184, 16569, 15173, 14489, 15791, 16901, 15821, 13268, 9124]
[6110, 3784, 2211, 1200, 1148, 3363, 6671, 10416, 14474, 15485, 15827, 15812, 16510, 17112, 17154, 16028, 15424, 16356, 14421, 13642, 13773, 13356, 9956, 6122]
[3940, 2108, 1209, 754, 941, 3620, 6843, 8433, 10521, 12278, 12767, 13207, 13824, 15023, 14782, 13695, 14044, 14341, 13149, 14515, 13282, 11416, 8955, 5612]
[3419, 1865, 1018, 674, 526, 1773, 4421, 8115, 10745, 11867, 13083, 14019, 14380, 15496, 16155, 17685, 16634, 16300, 14463, 13820, 13663, 11851, 8833, 5981]
[3387, 1702, 846, 412, 491, 2349, 9303, 13390, 13660, 15353, 15236, 15593, 15856, 17512, 16129, 16322, 15676, 13974, 12349, 14006, 14307, 12619, 9771, 5674]
[3292, 1716, 848, 530, 458, 1996, 8754, 13226, 13333, 15082, 15376, 14645, 14342, 16457, 15447, 15821, 14690, 14128, 13415, 15028, 15772, 14344, 10977, 6752]
[4005, 2103, 1162, 552, 498, 1970, 9019, 13315, 13407, 14908, 15336, 15151, 14755, 16953, 15830, 16329, 15488, 14042, 13717, 15538, 15843, 14509, 11164, 6881]
[3896, 2256, 1115, 600, 472, 2284, 9433, 14166, 14048, 15534, 16473, 16101, 16037, 17979, 17634, 17978, 16949, 15459, 14407, 16320, 17790, 16815, 14389, 10297]
[6726, 4178, 2362, 1272, 831, 2554, 6134, 11644, 16497, 17212, 17547, 17616, 17943, 18456, 18082, 17703, 17907, 17994, 15837, 15407, 16826, 15568, 12658, 8751]
[5154, 2953, 2296, 1066, 660, 1623, 3917, 8121, 12745, 14746, 15722, 16409, 16724, 17743, 17673, 16936, 16882, 16996, 15067, 15134, 15598, 14031, 10691, 6307]
[3475, 1694, 913, 454, 453, 2221, 9296, 12899, 13060, 14475, 14984, 14203, 14292, 17648, 15231, 15438, 14640, 14304, 13894, 15632, 16074, 14941, 10607, 6067]
[3594, 1966, 941, 499, 455, 2154, 9031, 13638, 13657, 15391, 15907, 14601, 14106, 16397, 15307, 15366, 14711, 13934, 13352, 14847, 15261, 13964, 11125, 6774]
[4137, 2068, 1090, 542, 483, 1635, 7245, 10957, 11314, 12619, 13226, 12260, 12319, 13760, 13017, 12914, 12264, 11443, 10940, 12080, 12242, 11387, 8913, 5190]
[3088, 1662, 952, 513, 451, 1735, 8093, 12864, 13003, 14077, 14575, 14218, 14018, 15912, 14946, 14879, 14091, 13698, 13057, 14350, 15195, 14133, 11330, 7137]
[4252, 2307, 1165, 579, 546, 2565, 9895, 14243, 14239, 15682, 16453, 16118, 15810, 17606, 17254, 18228, 17062, 15880, 15011, 16765, 17762, 17210, 14513, 10439]
[7247, 4336, 2503, 1284, 906, 2468, 6031, 11943, 16710, 17423, 18270, 18061, 18359, 18597, 18789, 18311, 18129, 18364, 15785, 15651, 16710, 15591, 12920, 8775]
[5695, 3294, 1930, 1099, 759, 1734, 3718, 8145, 12883, 13951, 15424, 15844, 16615, 17201, 16931, 16611, 16204, 16177, 14040, 14144, 15040, 13312, 9962, 5501]
[3213, 1631, 834, 431, 496, 2298, 9240, 12636, 12406, 13272, 14284, 13256, 14117, 15376, 14815, 15324, 14557, 13484, 13301, 14453, 14660, 13203, 10245, 6162]
[3506, 1924, 1087, 580, 541, 2134, 8440, 12680, 12879, 14589, 15383, 14881, 14636, 16295, 15482, 15671, 14746, 13366, 12815, 14515, 14998, 13771, 10907, 6985]
[4027, 2278, 1043, 622, 519, 2055, 8025, 12710, 12723, 14168, 15254, 14899, 14741, 16148, 15211, 15687, 14974, 13588, 12778, 14394, 15066, 13529, 10940, 7007]
[4106, 2192, 1066, 627, 502, 2182, 8539, 13574, 13294, 15029, 16193, 15898, 15177, 17159, 16334, 16606, 15667, 14424, 13482, 14925, 15533, 14274, 11345, 7347]
[4192, 2312, 1189, 605, 474, 2535, 9166, 14025, 13826, 15460, 16476, 16099, 16354, 17697, 17603, 18163, 17089, 15612, 14686, 16377, 17272, 16472, 14160, 10088]
[6829, 4134, 2404, 1208, 894, 2581, 6067, 11732, 16343, 17295, 17925, 17534, 18277, 18590, 18658, 18133, 17645, 17959, 15535, 15495, 16205, 15151, 12590, 8407]
[5167, 3084, 1696, 1012, 670, 1804, 3799, 8438, 12991, 14601, 15861, 16446, 17143, 17499, 17579, 17196, 16788, 16894, 15054, 15060, 15164, 13361, 9911, 5870]
[3089, 1632, 851, 448, 427, 2262, 9225, 12799, 13042, 14861, 15314, 13899, 14411, 16642, 16039, 15897, 14992, 14007, 13104, 14396, 14741, 13313, 10052, 5995]
[3657, 1931, 1044, 529, 499, 2231, 8951, 13455, 13553, 15547, 16445, 15310, 15049, 17160, 16210, 16129, 15625, 14320, 13426, 14815, 15220, 14749, 10069, 6702]
[4018, 1973, 1050, 583, 540, 1986, 8357, 12684, 12679, 13986, 14431, 13753, 13566, 15035, 14602, 14564, 14085, 13102, 12332, 13852, 14605, 13224, 10280, 6550]
[4387, 2442, 1217, 651, 610, 2295, 8974, 13733, 14314, 15611, 16618, 16282, 15958, 17119, 16426, 16603, 15575, 14394, 13899, 15504, 16189, 15517, 13283, 9641]